


--------------------------

{(-66, -66)=(8, 8), (1, 5)=(0, 5), (2, 8)=(1, 8), (1, 4)=(0, 4), (0, 4)=(0, 5), (6, 8)=(5, 8), (5, 8)=(4, 8), (0, 7)=(0, 6),
(0, 6)=(0, 5), (2, 7)=(2, 8), (1, 7)=(0, 7), (0, 5)=(0, 4), (0, 8)=(1, 8), (0, 6)=(0, 7), (2, 8)=(3, 8), (1, 6)=(0, 6),
(1, 8)=(0, 8), (4, 8)=(3, 8), (5, 8)=(6, 8), (3, 8)=(2, 8), (0, 3)=(0, 4), (3, 7)=(3, 8), (1, 8)=(2, 8), (7, 8)=(6, 8),
(4, 7)=(4, 8), (3, 8)=(4, 8), (4, 8)=(5, 8), (0, 7)=(0, 8), (0, 4)=(-42, -42), (1, 7)=(1, 8), (6, 8)=(7, 8), (6, 7)=(6, 8),
(8, 8)=(7, 8), (5, 7)=(5, 8), (7, 7)=(7, 8), (0, 8)=(0, 7), (0, 5)=(0, 6)}


-----------------------------
{(6, 8)=(5, 8), (0, 6)=(0, 5), (1, 8)=(2, 8), (6, 7)=(6, 8), (0, 5)=(0, 4), (1, 8)=(0, 8), (4, 8)=(5, 8), (7, 8)=(6, 8),
(0, 6)=(0, 7), (1, 5)=(0, 5), (5, 7)=(5, 8), (1, 4)=(0, 4), (1, 6)=(0, 6), (0, 4)=(-42, -42), (4, 8)=(3, 8), (1, 7)=(0, 7),
(0, 4)=(0, 5), (1, 7)=(1, 8), (7, 7)=(7, 8), (0, 5)=(0, 6), (3, 8)=(2, 8), (0, 8)=(0, 7), (5, 8)=(4, 8), (5, 8)=(6, 8),
(4, 7)=(4, 8), (0, 7)=(0, 8), (2, 8)=(3, 8), (0, 8)=(1, 8), (-66, -66)=(8, 8), (0, 3)=(0, 4), (8, 8)=(7, 8), (0, 7)=(0, 6),
(3, 7)=(3, 8), (2, 8)=(1, 8), (3, 8)=(4, 8), (6, 8)=(7, 8), (2, 7)=(2, 8)}

--------------------------------
{(0, 7)=(0, 6), (0, 4)=(0, 5), (0, 8)=(1, 8), (2, 8)=(3, 8), (2, 8)=(1, 8), (6, 8)=(5, 8), (7, 8)=(6, 8), (1, 6)=(0, 6), (0, 5)=(0, 4),
(4, 7)=(4, 8), (6, 8)=(7, 8), (4, 8)=(5, 8), (0, 3)=(0, 4), (2, 7)=(2, 8), (3, 8)=(2, 8), (3, 8)=(4, 8), (-66, -66)=(8, 8),
(5, 7)=(5, 8), (1, 5)=(0, 5), (6, 7)=(6, 8), (4, 8)=(3, 8), (7, 7)=(7, 8), (0, 6)=(0, 5), (1, 8)=(0, 8), (8, 8)=(7, 8), (0, 4)=(-42, -42),
(0, 7)=(0, 8), (1, 4)=(0, 4), (1, 8)=(2, 8), (0, 6)=(0, 7), (1, 7)=(0, 7), (0, 8)=(0, 7), (3, 7)=(3, 8), (5, 8)=(6, 8), (1, 7)=(1, 8),
(0, 5)=(0, 6), (5, 8)=(4, 8)}




